5.157816886901855469e+00 1.509133100509643555e+00 5.709481239318847656e-02 1.852414757013320923e-01 3.426063060760498047e-01 2.358619123697280884e-01 6.613289833068847656e+00 1.000000000000000000e+00
6.153569698333740234e+00 5.547959804534912109e-01 3.490459918975830078e-01 2.450714558362960815e-01 3.550667166709899902e-01 2.921490669250488281e-01 6.326750755310058594e+00 1.000000000000000000e+00
7.078767776489257812e+00 2.678567647933959961e+00 8.338555097579956055e-01 1.752673685550689697e-01 2.556837797164916992e-01 1.963432878255844116e-01 6.472900390625000000e+00 1.000000000000000000e+00
5.685040473937988281e+00 -4.947507083415985107e-01 2.262607812881469727e-01 1.848770081996917725e-01 2.914042770862579346e-01 2.472831159830093384e-01 6.225287437438964844e+00 1.000000000000000000e+00
5.602075099945068359e+00 3.685045480728149414e+00 8.132768869400024414e-01 1.860189586877822876e-01 3.042270243167877197e-01 2.422002702951431274e-01 6.786416053771972656e+00 -1.000000000000000000e+00
5.776258468627929688e+00 -1.444158554077148438e+00 4.891904592514038086e-01 1.931531876325607300e-01 2.954349219799041748e-01 2.547917068004608154e-01 6.141161918640136719e+00 -1.000000000000000000e+00
6.143449306488037109e+00 2.467668294906616211e+00 5.557085275650024414e-01 1.817551851272583008e-01 2.931809723377227783e-01 2.638888061046600342e-01 6.602350234985351562e+00 -1.000000000000000000e+00
4.497208595275878906e+00 2.440580129623413086e+00 -2.060626745223999023e-01 1.773485541343688965e-01 3.283322155475616455e-01 2.374419420957565308e-01 6.718473434448242188e+00 -1.000000000000000000e+00
5.901878833770751953e+00 3.039708852767944336e+00 8.157325983047485352e-01 1.854079365730285645e-01 2.935363948345184326e-01 2.500654458999633789e-01 6.725953102111816406e+00 -1.000000000000000000e+00
5.473440647125244141e+00 -1.146899819374084473e+00 3.060300350189208984e-01 1.819431781768798828e-01 3.201870024204254150e-01 2.545015215873718262e-01 6.183593750000000000e+00 -1.000000000000000000e+00
4.857352733612060547e+00 3.657764911651611328e+00 1.624406576156616211e-01 1.854018568992614746e-01 2.986418902873992920e-01 2.284619510173797607e-01 6.769076347351074219e+00 -1.000000000000000000e+00
6.766964435577392578e+00 2.468823432922363281e+00 4.569624662399291992e-01 1.846479475498199463e-01 2.644735872745513916e-01 2.263969630002975464e-01 6.539255142211914062e+00 -1.000000000000000000e+00
7.412716865539550781e+00 -7.657701969146728516e-01 7.802714109420776367e-01 1.922126263380050659e-01 2.546949088573455811e-01 2.210904955863952637e-01 6.228399276733398438e+00 -1.000000000000000000e+00
6.415892124176025391e+00 2.459964275360107422e+00 4.694157838821411133e-01 1.871032863855361938e-01 2.821723222732543945e-01 2.477824538946151733e-01 6.545943260192871094e+00 -1.000000000000000000e+00
4.812914371490478516e+00 2.304169178009033203e+00 -1.705813407897949219e-02 1.657890975475311279e-01 2.919377088546752930e-01 2.135910838842391968e-01 6.725513458251953125e+00 -1.000000000000000000e+00
6.415455341339111328e+00 -2.265795230865478516e+00 8.456789255142211914e-01 2.025350630283355713e-01 2.648481428623199463e-01 2.120600789785385132e-01 6.143157005310058594e+00 -1.000000000000000000e+00
7.985377311706542969e+00 -3.704569339752197266e-01 9.747747182846069336e-01 1.821927130222320557e-01 2.339657098054885864e-01 2.025411874055862427e-01 6.266672134399414062e+00 -1.000000000000000000e+00
7.425226211547851562e+00 2.036292403936386108e-01 5.415970087051391602e-01 1.813774406909942627e-01 2.225200235843658447e-01 2.235221862792968750e-01 6.225681304931640625e+00 -1.000000000000000000e+00
6.822067260742187500e+00 -2.109568119049072266e-01 5.278798341751098633e-01 1.780096590518951416e-01 2.329777628183364868e-01 2.419582009315490723e-01 6.180689811706542969e+00 -1.000000000000000000e+00
7.351387500762939453e+00 -1.138104319572448730e+00 8.251014947891235352e-01 1.909315735101699829e-01 2.671567797660827637e-01 2.207433730363845825e-01 6.154191970825195312e+00 -1.000000000000000000e+00
8.676946640014648438e+00 -1.340537220239639282e-01 1.034963250160217285e+00 1.898184269666671753e-01 2.232738137245178223e-01 1.758363246917724609e-01 6.244358062744140625e+00 -1.000000000000000000e+00
5.517430305480957031e+00 -7.852003574371337891e-01 1.522381305694580078e-01 1.709264814853668213e-01 2.802554368972778320e-01 2.350988835096359253e-01 6.236615180969238281e+00 -1.000000000000000000e+00
8.687749862670898438e+00 2.805735588073730469e+00 1.013377547264099121e+00 2.195192128419876099e-01 2.701863944530487061e-01 1.984115689992904663e-01 6.452791213989257812e+00 -1.000000000000000000e+00
3.517737627029418945e+00 3.635402202606201172e+00 3.320217132568359375e-02 1.462763547897338867e-01 3.200868666172027588e-01 1.983968168497085571e-01 6.955557823181152344e+00 -1.000000000000000000e+00
5.475033760070800781e+00 4.049147605895996094e+00 5.643280744552612305e-01 2.093211263418197632e-01 3.162965178489685059e-01 2.267353683710098267e-01 6.802657127380371094e+00 -1.000000000000000000e+00
8.742553710937500000e+00 1.147432208061218262e+00 9.254471063613891602e-01 1.979850083589553833e-01 2.318674623966217041e-01 1.911547183990478516e-01 6.389709472656250000e+00 -1.000000000000000000e+00
4.989696502685546875e+00 4.940629482269287109e+00 8.923035860061645508e-01 1.892196238040924072e-01 2.782289981842041016e-01 2.150357812643051147e-01 6.850967407226562500e+00 -1.000000000000000000e+00
4.854629993438720703e+00 -8.391347527503967285e-01 -1.020073890686035156e-01 1.634259819984436035e-01 2.875752449035644531e-01 2.147650718688964844e-01 6.293318748474121094e+00 -1.000000000000000000e+00
7.714260578155517578e+00 2.495380043983459473e-01 6.846984624862670898e-01 1.952916979789733887e-01 2.267251014709472656e-01 2.212090343236923218e-01 6.282452583312988281e+00 -1.000000000000000000e+00
6.135719776153564453e+00 2.134640455245971680e+00 4.149568080902099609e-02 1.525324881076812744e-01 2.018971443176269531e-01 1.559837460517883301e-01 6.550113677978515625e+00 -1.000000000000000000e+00
4.916325092315673828e+00 -1.725438833236694336e+00 5.683056116104125977e-01 1.961215883493423462e-01 3.363959193229675293e-01 2.666091322898864746e-01 5.918517112731933594e+00 -1.000000000000000000e+00
6.417534351348876953e+00 2.134024381637573242e+00 1.327002048492431641e-01 1.558693945407867432e-01 1.981386095285415649e-01 1.539737731218338013e-01 6.529664993286132812e+00 -1.000000000000000000e+00
3.847178220748901367e+00 4.013332366943359375e+00 -4.467821121215820312e-02 1.648609042167663574e-01 2.856830358505249023e-01 1.996651440858840942e-01 6.904432296752929688e+00 -1.000000000000000000e+00
4.548775196075439453e+00 3.371958494186401367e+00 1.031295061111450195e-01 1.708111912012100220e-01 2.887842059135437012e-01 2.175198644399642944e-01 6.768566131591796875e+00 -1.000000000000000000e+00
5.404664993286132812e+00 1.392657995223999023e+00 1.198768615722656250e-01 1.612868309020996094e-01 2.668334543704986572e-01 2.202830016613006592e-01 6.611194610595703125e+00 -1.000000000000000000e+00
7.365189075469970703e+00 -1.414832234382629395e+00 8.597389459609985352e-01 1.934626549482345581e-01 2.683648467063903809e-01 1.976503878831863403e-01 6.115347862243652344e+00 -1.000000000000000000e+00
7.423861026763916016e+00 -1.761087775230407715e+00 8.718622922897338867e-01 1.963048577308654785e-01 2.751857936382293701e-01 2.057691812515258789e-01 6.039037704467773438e+00 -1.000000000000000000e+00
3.506926774978637695e+00 3.384487867355346680e+00 -1.001356840133666992e-01 1.526054292917251587e-01 3.375787734985351562e-01 2.025308161973953247e-01 6.922537803649902344e+00 -1.000000000000000000e+00
5.141218185424804688e+00 2.322247505187988281e+00 1.408901214599609375e-01 1.633597612380981445e-01 2.541823983192443848e-01 2.126993685960769653e-01 6.722321510314941406e+00 -1.000000000000000000e+00
4.479313850402832031e+00 3.042158603668212891e+00 8.423304557800292969e-02 1.649132668972015381e-01 2.864851355552673340e-01 2.159613966941833496e-01 6.764017105102539062e+00 -1.000000000000000000e+00
5.102690219879150391e+00 1.127366662025451660e+00 -1.076442003250122070e-01 1.655399948358535767e-01 2.631757855415344238e-01 2.063455730676651001e-01 6.495951652526855469e+00 -1.000000000000000000e+00
8.031148910522460938e+00 1.778109192848205566e+00 7.648776769638061523e-01 1.828078329563140869e-01 2.063321769237518311e-01 1.954363286495208740e-01 6.528280258178710938e+00 -1.000000000000000000e+00
5.751676082611083984e+00 2.157474756240844727e+00 7.244920730590820312e-02 1.549181044101715088e-01 2.104077339172363281e-01 1.730491071939468384e-01 6.590012550354003906e+00 -1.000000000000000000e+00
8.704314231872558594e+00 1.794512987136840820e+00 9.089695215225219727e-01 1.934168934822082520e-01 2.326174080371856689e-01 1.799130737781524658e-01 6.468508720397949219e+00 -1.000000000000000000e+00
5.100348949432373047e+00 -8.612866997718811035e-01 -1.586294174194335938e-02 1.638425290584564209e-01 2.760515809059143066e-01 2.064172923564910889e-01 6.235300064086914062e+00 -1.000000000000000000e+00
7.704694271087646484e+00 -5.076430439949035645e-01 7.861908674240112305e-01 1.818997859954833984e-01 2.266778796911239624e-01 2.134917974472045898e-01 6.239174842834472656e+00 -1.000000000000000000e+00
4.750429153442382812e+00 5.974726200103759766e+00 7.016426324844360352e-01 2.629581391811370850e-01 3.197117447853088379e-01 2.116394788026809692e-01 6.804852485656738281e+00 -1.000000000000000000e+00
6.116683483123779297e+00 1.357415318489074707e+00 2.099270820617675781e-01 1.621386408805847168e-01 2.286530584096908569e-01 2.072258740663528442e-01 6.569105148315429688e+00 -1.000000000000000000e+00
6.446012973785400391e+00 -8.924003839492797852e-01 2.954075336456298828e-01 1.636721938848495483e-01 2.153712660074234009e-01 1.964284181594848633e-01 6.183967590332031250e+00 -1.000000000000000000e+00
6.736437320709228516e+00 1.748266577720642090e+00 3.722232580184936523e-01 1.605339646339416504e-01 1.941308230161666870e-01 1.934750378131866455e-01 6.553784370422363281e+00 -1.000000000000000000e+00
6.734955310821533203e+00 -8.766720890998840332e-01 5.553194284439086914e-01 1.665496230125427246e-01 2.286226749420166016e-01 2.202538698911666870e-01 6.168493270874023438e+00 -1.000000000000000000e+00
4.875398635864257812e+00 5.629379272460937500e+00 7.318063974380493164e-01 2.311523854732513428e-01 2.999817430973052979e-01 2.108017504215240479e-01 6.822429656982421875e+00 -1.000000000000000000e+00
7.029807567596435547e+00 2.439671993255615234e+00 3.353068828582763672e-01 1.633304059505462646e-01 1.975053250789642334e-01 1.584077179431915283e-01 6.550459861755371094e+00 -1.000000000000000000e+00
4.179575443267822266e+00 3.364387035369873047e+00 -1.600861549377441406e-02 1.606065034866333008e-01 2.986530661582946777e-01 2.066640406847000122e-01 6.828212738037109375e+00 -1.000000000000000000e+00
6.429407119750976562e+00 1.387468576431274414e+00 2.952730655670166016e-01 1.637133955955505371e-01 2.157398462295532227e-01 2.000719010829925537e-01 6.547257423400878906e+00 -1.000000000000000000e+00
7.034240722656250000e+00 -1.746197223663330078e+00 7.412751913070678711e-01 1.937387436628341675e-01 2.798860967159271240e-01 2.023144215345382690e-01 6.060884475708007812e+00 -1.000000000000000000e+00
3.896357774734497070e+00 3.680853843688964844e+00 6.637930870056152344e-03 1.612023264169692993e-01 2.990945875644683838e-01 2.171867042779922485e-01 6.888703346252441406e+00 -1.000000000000000000e+00
5.730879306793212891e+00 1.211412787437438965e+00 7.687568664550781250e-02 1.587594002485275269e-01 2.328680306673049927e-01 1.946789026260375977e-01 6.541855812072753906e+00 -1.000000000000000000e+00
6.748267173767089844e+00 2.107500076293945312e+00 2.583119869232177734e-01 1.531268656253814697e-01 1.808050274848937988e-01 1.562020480632781982e-01 6.540472984313964844e+00 -1.000000000000000000e+00
5.745766162872314453e+00 -1.156278252601623535e+00 3.975294828414916992e-01 1.619385480880737305e-01 2.651728391647338867e-01 2.376482039690017700e-01 6.155735015869140625e+00 -1.000000000000000000e+00
5.769606590270996094e+00 -2.025117576122283936e-01 1.134016513824462891e-01 1.571478992700576782e-01 2.209518402814865112e-01 1.940610110759735107e-01 6.162579536437988281e+00 -1.000000000000000000e+00
4.125323295593261719e+00 3.657717943191528320e+00 3.330552577972412109e-02 1.515129804611206055e-01 2.781746387481689453e-01 1.971026360988616943e-01 6.865970611572265625e+00 -1.000000000000000000e+00
4.632674694061279297e+00 6.253400802612304688e+00 9.209865331649780273e-01 2.334251850843429565e-01 2.804742753505706787e-01 2.110710442066192627e-01 6.824660301208496094e+00 -1.000000000000000000e+00
3.866906881332397461e+00 4.284966945648193359e+00 -3.718435764312744141e-02 1.603339314460754395e-01 2.613037824630737305e-01 1.923724859952926636e-01 6.887677192687988281e+00 -1.000000000000000000e+00
8.027684211730957031e+00 2.772570610046386719e+00 7.347224950790405273e-01 1.850584298372268677e-01 2.407397478818893433e-01 1.843537092208862305e-01 6.473947525024414062e+00 -1.000000000000000000e+00
7.071700572967529297e+00 1.747864365577697754e+00 4.716595411300659180e-01 1.633516699075698853e-01 1.906439810991287231e-01 1.939764767885208130e-01 6.540738105773925781e+00 -1.000000000000000000e+00
5.748015403747558594e+00 3.396613836288452148e+00 6.598538160324096680e-01 1.837033331394195557e-01 2.963308095932006836e-01 2.305510193109512329e-01 6.739062309265136719e+00 -1.000000000000000000e+00
5.737271308898925781e+00 -2.198490619659423828e+00 8.775914907455444336e-01 1.781221032142639160e-01 2.615076899528503418e-01 2.306343466043472290e-01 6.064435005187988281e+00 -1.000000000000000000e+00
5.472746849060058594e+00 2.345509290695190430e+00 2.495086193084716797e-01 1.556765437126159668e-01 2.413314580917358398e-01 2.143106162548065186e-01 6.705701828002929688e+00 -1.000000000000000000e+00
8.691570281982421875e+00 1.448471665382385254e+00 8.746234178543090820e-01 1.789509803056716919e-01 2.241848707199096680e-01 1.756458431482315063e-01 6.422356605529785156e+00 -1.000000000000000000e+00
3.264296770095825195e+00 -2.724398136138916016e+00 -2.386689186096191406e-01 1.738785505294799805e-01 3.251368105411529541e-01 1.892626434564590454e-01 5.866060256958007812e+00 -1.000000000000000000e+00
7.717009067535400391e+00 2.720926046371459961e+00 6.764034032821655273e-01 1.873283386230468750e-01 2.349576950073242188e-01 1.923659592866897583e-01 6.498399734497070312e+00 -1.000000000000000000e+00
6.075413703918457031e+00 2.322139143943786621e-01 2.792599201202392578e-01 1.655920147895812988e-01 2.620576024055480957e-01 2.393943518400192261e-01 6.191529273986816406e+00 -1.000000000000000000e+00
8.694478034973144531e+00 5.041190385818481445e-01 9.743770360946655273e-01 1.905502527952194214e-01 2.296130508184432983e-01 1.800188422203063965e-01 6.312403678894042969e+00 -1.000000000000000000e+00
5.442461967468261719e+00 -2.220236063003540039e+00 8.028851747512817383e-01 1.977701634168624878e-01 3.046925067901611328e-01 2.305641919374465942e-01 6.001674652099609375e+00 -1.000000000000000000e+00
7.369235992431640625e+00 1.111464858055114746e+00 5.126701593399047852e-01 1.682678759098052979e-01 1.991180181503295898e-01 1.950272172689437866e-01 6.504113197326660156e+00 -1.000000000000000000e+00
6.082045078277587891e+00 -1.436092495918273926e+00 5.237420797348022461e-01 1.683719754219055176e-01 2.244290411472320557e-01 2.254755645990371704e-01 6.111787796020507812e+00 -1.000000000000000000e+00
4.273779392242431641e+00 2.698727607727050781e+00 -1.322525739669799805e-01 1.653400957584381104e-01 3.135333955287933350e-01 2.225038409233093262e-01 6.767148971557617188e+00 -1.000000000000000000e+00
8.346427917480468750e+00 4.802234172821044922e-01 8.684426546096801758e-01 1.854306608438491821e-01 2.204123437404632568e-01 1.871004849672317505e-01 6.302803039550781250e+00 -1.000000000000000000e+00
4.761482715606689453e+00 3.454226016998291016e+00 1.655244827270507812e-01 1.596644818782806396e-01 2.536779940128326416e-01 2.034272849559783936e-01 6.774994850158691406e+00 -1.000000000000000000e+00
6.721164703369140625e+00 1.494790673255920410e+00 4.017475843429565430e-01 1.588600873947143555e-01 1.962683796882629395e-01 1.981631815433502197e-01 6.537565231323242188e+00 -1.000000000000000000e+00
4.508519649505615234e+00 6.590195655822753906e+00 9.066497087478637695e-01 2.648636400699615479e-01 2.963412106037139893e-01 2.073551565408706665e-01 6.820446968078613281e+00 -1.000000000000000000e+00
7.030554294586181641e+00 -4.859023094177246094e-01 4.161769151687622070e-01 1.546041965484619141e-01 1.919274926185607910e-01 1.728123128414154053e-01 6.242649078369140625e+00 -1.000000000000000000e+00
8.963295936584472656e+00 8.506153225898742676e-01 3.752421140670776367e-01 1.560346484184265137e-01 1.439338624477386475e-01 8.951505273580551147e-02 6.353059768676757812e+00 -1.000000000000000000e+00
8.005964279174804688e+00 1.105536818504333496e+00 7.607656717300415039e-01 1.767608374357223511e-01 2.045266032218933105e-01 1.907331198453903198e-01 6.436491966247558594e+00 -1.000000000000000000e+00
8.673932075500488281e+00 2.054641962051391602e+00 8.488358259201049805e-01 1.755896359682083130e-01 2.139908075332641602e-01 1.655580550432205200e-01 6.458311080932617188e+00 -1.000000000000000000e+00
8.336808204650878906e+00 2.766054868698120117e+00 8.865686655044555664e-01 1.908053308725357056e-01 2.502653598785400391e-01 1.874645352363586426e-01 6.452996253967285156e+00 -1.000000000000000000e+00
4.963248729705810547e+00 5.317862033843994141e+00 8.948234319686889648e-01 1.980104297399520874e-01 2.687880098819732666e-01 2.139353603124618530e-01 6.819345474243164062e+00 -1.000000000000000000e+00
4.076733112335205078e+00 -3.056626796722412109e+00 9.684625864028930664e-01 2.040977329015731812e-01 3.376512825489044189e-01 2.652108967304229736e-01 5.778716087341308594e+00 -1.000000000000000000e+00
3.884438753128051758e+00 3.364840507507324219e+00 -7.212054729461669922e-02 1.559890210628509521e-01 2.979655563831329346e-01 2.094070762395858765e-01 6.866526603698730469e+00 -1.000000000000000000e+00
6.140695571899414062e+00 -8.135365843772888184e-01 1.832973957061767578e-01 1.499927043914794922e-01 1.919968724250793457e-01 1.647400110960006714e-01 6.161526679992675781e+00 -1.000000000000000000e+00
8.342499732971191406e+00 2.075691223144531250e+00 7.520204782485961914e-01 1.719801574945449829e-01 1.942711025476455688e-01 1.648235172033309937e-01 6.487376213073730469e+00 -1.000000000000000000e+00
5.187556266784667969e+00 3.970690250396728516e+00 3.038463592529296875e-01 1.654580086469650269e-01 2.532672286033630371e-01 1.804100275039672852e-01 6.832818984985351562e+00 -1.000000000000000000e+00
8.349565505981445312e+00 1.791565179824829102e+00 8.296819925308227539e-01 1.737723052501678467e-01 1.990642696619033813e-01 1.820106357336044312e-01 6.462154388427734375e+00 -1.000000000000000000e+00
8.027095794677734375e+00 2.047930061817169189e-01 7.669457197189331055e-01 1.777081042528152466e-01 2.188294231891632080e-01 1.945173293352127075e-01 6.334241867065429688e+00 -1.000000000000000000e+00
7.371407985687255859e+00 1.750649213790893555e+00 5.430451631546020508e-01 1.602499932050704956e-01 1.816273033618927002e-01 1.817598938941955566e-01 6.548817634582519531e+00 -1.000000000000000000e+00
7.775575160980224609e+00 -1.238444000482559204e-01 1.934454441070556641e-01 1.576669067144393921e-01 1.633820831775665283e-01 1.036013737320899963e-01 6.330523490905761719e+00 -1.000000000000000000e+00
7.741910934448242188e+00 1.723282933235168457e+00 6.940902471542358398e-01 1.686017513275146484e-01 1.797656565904617310e-01 1.909447163343429565e-01 6.522305488586425781e+00 -1.000000000000000000e+00
7.748713016510009766e+00 1.093364477157592773e+00 6.138457059860229492e-01 1.738036274909973145e-01 1.954822689294815063e-01 1.960480958223342896e-01 6.477949142456054688e+00 -1.000000000000000000e+00
4.846920013427734375e+00 3.954169988632202148e+00 1.791141033172607422e-01 1.590509414672851562e-01 2.431939095258712769e-01 1.803861260414123535e-01 6.841471672058105469e+00 -1.000000000000000000e+00
8.047896385192871094e+00 2.060102462768554688e+00 7.349134683609008789e-01 1.659492552280426025e-01 1.796535402536392212e-01 1.722736060619354248e-01 6.501147270202636719e+00 -1.000000000000000000e+00
4.224063396453857422e+00 3.039544105529785156e+00 -6.198680400848388672e-02 1.570311784744262695e-01 2.958460748195648193e-01 2.141129225492477417e-01 6.801390647888183594e+00 -1.000000000000000000e+00
7.058780670166015625e+00 2.094176054000854492e+00 4.493879079818725586e-01 1.553645879030227661e-01 1.753725260496139526e-01 1.747754216194152832e-01 6.530121803283691406e+00 -1.000000000000000000e+00
5.340047836303710938e+00 1.749244093894958496e+00 1.163277626037597656e-01 1.451117843389511108e-01 2.169023454189300537e-01 1.872550696134567261e-01 6.591753005981445312e+00 -1.000000000000000000e+00
4.238534927368164062e+00 -1.824779987335205078e+00 -4.018235206604003906e-02 1.584618091583251953e-01 3.173489272594451904e-01 1.909051835536956787e-01 5.908323287963867188e+00 -1.000000000000000000e+00
6.163262367248535156e+00 -2.185361146926879883e+00 6.284419298171997070e-01 1.738447546958923340e-01 2.339111417531967163e-01 1.964132189750671387e-01 6.149870872497558594e+00 -1.000000000000000000e+00
3.870923995971679688e+00 -1.744800686836242676e+00 -1.490644216537475586e-01 1.632375866174697876e-01 3.170261979103088379e-01 1.982903033494949341e-01 5.891446113586425781e+00 -1.000000000000000000e+00
7.065229415893554688e+00 1.499901175498962402e+00 5.005513429641723633e-01 1.584925949573516846e-01 1.828056722879409790e-01 1.937642246484756470e-01 6.549695014953613281e+00 -1.000000000000000000e+00
5.272053241729736328e+00 4.346235752105712891e+00 6.503568887710571289e-01 1.789029836654663086e-01 2.662799358367919922e-01 2.241532951593399048e-01 6.891642570495605469e+00 -1.000000000000000000e+00
7.410480499267578125e+00 2.399309635162353516e+00 4.531322717666625977e-01 1.582404822111129761e-01 1.839376091957092285e-01 1.575723439455032349e-01 6.521243095397949219e+00 -1.000000000000000000e+00
5.139050483703613281e+00 1.485749930143356323e-01 -4.917764663696289062e-02 1.582837253808975220e-01 2.228888124227523804e-01 2.089320272207260132e-01 6.264482498168945312e+00 -1.000000000000000000e+00
4.870846748352050781e+00 8.499062061309814453e-01 -1.370519399642944336e-01 1.636445075273513794e-01 2.643856108188629150e-01 2.201040834188461304e-01 6.303268432617187500e+00 -1.000000000000000000e+00
7.364707469940185547e+00 2.106189250946044922e+00 5.572611093521118164e-01 1.559753417968750000e-01 1.708426624536514282e-01 1.724352836608886719e-01 6.522143363952636719e+00 -1.000000000000000000e+00
3.249770879745483398e+00 -3.050115823745727539e+00 -2.954339981079101562e-02 1.587237715721130371e-01 3.115021884441375732e-01 1.662988066673278809e-01 5.829486846923828125e+00 -1.000000000000000000e+00
7.385522842407226562e+00 1.471543550491333008e+00 4.991484880447387695e-01 1.575241684913635254e-01 1.803880929946899414e-01 1.821377724409103394e-01 6.532292366027832031e+00 -1.000000000000000000e+00
4.161966323852539062e+00 4.005247116088867188e+00 1.321014165878295898e-01 1.517824083566665649e-01 2.376035898923873901e-01 1.924375444650650024e-01 6.894589424133300781e+00 -1.000000000000000000e+00
7.074904918670654297e+00 1.155949532985687256e-01 4.538804292678833008e-01 1.564118415117263794e-01 1.937684565782546997e-01 1.979187279939651489e-01 6.248078346252441406e+00 -1.000000000000000000e+00
5.115915775299072266e+00 -2.347232341766357422e+00 7.234009504318237305e-01 1.897986978292465210e-01 3.045887351036071777e-01 2.388748377561569214e-01 5.956984519958496094e+00 -1.000000000000000000e+00
5.907304763793945312e+00 2.746263742446899414e+00 4.969233274459838867e-01 1.584113538265228271e-01 2.368042469024658203e-01 2.180929630994796753e-01 6.671636581420898438e+00 -1.000000000000000000e+00
7.086192131042480469e+00 -7.790384888648986816e-01 6.068187952041625977e-01 1.572421640157699585e-01 2.101947367191314697e-01 1.982378065586090088e-01 6.181489944458007812e+00 -1.000000000000000000e+00
7.672001361846923828e+00 2.440471887588500977e+00 5.940829515457153320e-01 1.624869108200073242e-01 1.813487708568572998e-01 1.655416190624237061e-01 6.517923355102539062e+00 -1.000000000000000000e+00
2.903662443161010742e+00 -3.088464021682739258e+00 1.171071529388427734e-01 1.734998226165771484e-01 3.353216946125030518e-01 2.128912508487701416e-01 5.774541854858398438e+00 -1.000000000000000000e+00
3.160967588424682617e+00 -3.677143335342407227e+00 8.743170499801635742e-01 2.043704092502593994e-01 3.246324658393859863e-01 2.554139196872711182e-01 5.955507278442382812e+00 -1.000000000000000000e+00
6.085319519042968750e+00 -1.689745187759399414e+00 4.611825942993164062e-02 1.438181549310684204e-01 1.707226485013961792e-01 1.114692613482475281e-01 6.234085083007812500e+00 -1.000000000000000000e+00
6.074292182922363281e+00 1.798312902450561523e+00 2.508132457733154297e-01 1.421106457710266113e-01 1.847775876522064209e-01 1.895592957735061646e-01 6.576944351196289062e+00 -1.000000000000000000e+00
5.504731655120849609e+00 -1.624874919652938843e-01 2.050566673278808594e-02 1.518630683422088623e-01 2.187989801168441772e-01 1.940436512231826782e-01 6.205426216125488281e+00 -1.000000000000000000e+00
5.534490108489990234e+00 3.391810894012451172e+00 3.399527072906494141e-01 1.558515876531600952e-01 2.349694520235061646e-01 1.845337897539138794e-01 6.753770828247070312e+00 -1.000000000000000000e+00
4.462472915649414062e+00 1.408838629722595215e-01 -2.151265144348144531e-01 1.724134981632232666e-01 2.767829596996307373e-01 2.221888750791549683e-01 6.258262634277343750e+00 -1.000000000000000000e+00
5.051767826080322266e+00 3.769017696380615234e+00 1.932216882705688477e-01 1.552938818931579590e-01 2.501407563686370850e-01 1.812465786933898926e-01 6.804165840148925781e+00 -1.000000000000000000e+00
7.370893001556396484e+00 2.735961675643920898e+00 6.125074625015258789e-01 1.726304441690444946e-01 2.262858748435974121e-01 1.843501031398773193e-01 6.445381164550781250e+00 -1.000000000000000000e+00
5.110069274902343750e+00 8.330951333045959473e-01 -6.344449520111083984e-02 1.610449701547622681e-01 2.404531240463256836e-01 2.163862884044647217e-01 6.316471099853515625e+00 -1.000000000000000000e+00
4.771683216094970703e+00 2.717236995697021484e+00 1.554536819458007812e-01 1.483814418315887451e-01 2.280159890651702881e-01 1.973320543766021729e-01 6.765089035034179688e+00 -1.000000000000000000e+00
7.065174102783203125e+00 1.092979311943054199e+00 4.344578981399536133e-01 1.516128331422805786e-01 1.807331144809722900e-01 1.767330616712570190e-01 6.516208648681640625e+00 -1.000000000000000000e+00
8.664298057556152344e+00 8.116933107376098633e-01 9.180618524551391602e-01 1.689059138298034668e-01 2.101833373308181763e-01 1.765662133693695068e-01 6.300440788269042969e+00 -1.000000000000000000e+00
6.857183456420898438e+00 -1.678048610687255859e+00 7.750312089920043945e-01 1.704046279191970825e-01 2.267599701881408691e-01 2.160025089979171753e-01 6.134321212768554688e+00 -1.000000000000000000e+00
2.875090837478637695e+00 -2.712598800659179688e+00 -3.652265071868896484e-01 2.048246115446090698e-01 3.822620511054992676e-01 2.326190322637557983e-01 5.811449050903320312e+00 -1.000000000000000000e+00
8.335516929626464844e+00 2.387051343917846680e+00 8.399139642715454102e-01 1.681639552116394043e-01 1.972451359033584595e-01 1.712418496608734131e-01 6.446736335754394531e+00 -1.000000000000000000e+00
5.849628448486328125e+00 1.886416375637054443e-01 9.262371063232421875e-02 1.502869725227355957e-01 2.134388089179992676e-01 1.876375526189804077e-01 6.188698768615722656e+00 -1.000000000000000000e+00
6.733061790466308594e+00 1.107604742050170898e+00 4.053510427474975586e-01 1.476218849420547485e-01 1.823419630527496338e-01 1.813045740127563477e-01 6.516697883605957031e+00 -1.000000000000000000e+00
8.910233497619628906e+00 2.771030902862548828e+00 5.742751359939575195e-01 1.754177957773208618e-01 2.154612094163894653e-01 1.255185306072235107e-01 6.488272666931152344e+00 -1.000000000000000000e+00
8.356126785278320312e+00 7.637613415718078613e-01 8.762673139572143555e-01 1.706713140010833740e-01 2.014196962118148804e-01 1.844669580459594727e-01 6.334101676940917969e+00 -1.000000000000000000e+00
8.663712501525878906e+00 1.613564789295196533e-01 7.134765386581420898e-01 1.676975041627883911e-01 2.113314867019653320e-01 1.406121253967285156e-01 6.300157546997070312e+00 -1.000000000000000000e+00
4.173637390136718750e+00 4.327932357788085938e+00 5.978941917419433594e-02 1.509435176849365234e-01 2.210233509540557861e-01 1.780042946338653564e-01 6.897610664367675781e+00 -1.000000000000000000e+00
8.021939277648925781e+00 1.475030422210693359e+00 6.680713891983032227e-01 1.568731963634490967e-01 1.744793653488159180e-01 1.647510826587677002e-01 6.488498687744140625e+00 -1.000000000000000000e+00
6.707578659057617188e+00 1.735296696424484253e-01 3.944126367568969727e-01 1.505654454231262207e-01 2.035467922687530518e-01 1.902116686105728149e-01 6.250233650207519531e+00 -1.000000000000000000e+00
9.023785591125488281e+00 2.378904104232788086e+00 9.764667749404907227e-01 1.530187278985977173e-01 1.839767694473266602e-01 1.490911394357681274e-01 6.477759361267089844e+00 -1.000000000000000000e+00
8.915484428405761719e+00 1.783050298690795898e+00 1.038705468177795410e+00 1.597232967615127563e-01 1.806987524032592773e-01 1.553938090801239014e-01 6.416771888732910156e+00 -1.000000000000000000e+00
6.419913291931152344e+00 -4.389190375804901123e-01 3.003726005554199219e-01 1.472223103046417236e-01 1.765421479940414429e-01 1.821396052837371826e-01 6.185790061950683594e+00 -1.000000000000000000e+00
8.923453330993652344e+00 1.868428289890289307e-01 1.041231036186218262e+00 1.677455753087997437e-01 1.964271664619445801e-01 1.601225882768630981e-01 6.266456604003906250e+00 -1.000000000000000000e+00
4.465650081634521484e+00 -1.506356894969940186e-01 -2.436598539352416992e-01 1.739870160818099976e-01 2.769224047660827637e-01 2.210493236780166626e-01 6.307184219360351562e+00 -1.000000000000000000e+00
4.919157028198242188e+00 4.721547126770019531e+00 5.735675096511840820e-01 1.641078293323516846e-01 2.385692298412322998e-01 1.980079561471939087e-01 6.868706703186035156e+00 -1.000000000000000000e+00
8.919965744018554688e+00 4.571850895881652832e-01 1.074068427085876465e+00 1.474880427122116089e-01 1.694722771644592285e-01 1.477724462747573853e-01 6.294135093688964844e+00 -1.000000000000000000e+00
4.823706150054931641e+00 1.367248296737670898e-01 -1.391232013702392578e-01 1.609084606170654297e-01 2.303569018840789795e-01 2.129977792501449585e-01 6.281799316406250000e+00 -1.000000000000000000e+00
8.336983680725097656e+00 -1.658765375614166260e-01 9.244469404220581055e-01 1.772271990776062012e-01 2.228906005620956421e-01 1.768776923418045044e-01 6.269183158874511719e+00 -1.000000000000000000e+00
4.820846080780029297e+00 -2.471117019653320312e+00 6.424654722213745117e-01 1.818410605192184448e-01 3.087593913078308105e-01 2.299312204122543335e-01 5.867535591125488281e+00 -1.000000000000000000e+00
7.148104190826416016e+00 -1.513489007949829102e+00 7.557057142257690430e-01 1.634223461151123047e-01 2.221404463052749634e-01 1.867021769285202026e-01 6.124941825866699219e+00 -1.000000000000000000e+00
4.535594940185546875e+00 4.051584243774414062e+00 1.432832479476928711e-01 1.523931473493576050e-01 2.270048409700393677e-01 1.867737472057342529e-01 6.874054908752441406e+00 -1.000000000000000000e+00
5.429208278656005859e+00 3.070033311843872070e+00 2.510483264923095703e-01 1.437028199434280396e-01 1.948203295469284058e-01 1.680426895618438721e-01 6.703652381896972656e+00 -1.000000000000000000e+00
5.128457069396972656e+00 4.449277222156524658e-01 -8.462166786193847656e-02 1.589407026767730713e-01 2.204077690839767456e-01 2.051613181829452515e-01 6.265695571899414062e+00 -1.000000000000000000e+00
5.872727394104003906e+00 4.942992031574249268e-01 1.477873325347900391e-01 1.494246274232864380e-01 2.381463497877120972e-01 2.093783617019653320e-01 6.254060745239257812e+00 -1.000000000000000000e+00
4.237752914428710938e+00 4.981052398681640625e+00 1.112658977508544922e-01 1.627706885337829590e-01 2.223470658063888550e-01 1.775204539299011230e-01 6.856818199157714844e+00 -1.000000000000000000e+00
7.700730323791503906e+00 1.493905067443847656e+00 5.867379903793334961e-01 1.584740132093429565e-01 1.747864037752151489e-01 1.734950095415115356e-01 6.519970893859863281e+00 -1.000000000000000000e+00
4.836630344390869141e+00 -5.403861999511718750e-01 -1.235578060150146484e-01 1.635082066059112549e-01 2.451509684324264526e-01 2.161292582750320435e-01 6.339046478271484375e+00 -1.000000000000000000e+00
3.839138746261596680e+00 3.012706279754638672e+00 -2.844182252883911133e-01 1.731626838445663452e-01 3.222558796405792236e-01 2.236836105585098267e-01 6.835494995117187500e+00 -1.000000000000000000e+00
6.440949916839599609e+00 -1.418257474899291992e+00 4.701298475265502930e-01 1.609409153461456299e-01 1.985038220882415771e-01 2.025921195745468140e-01 6.102476119995117188e+00 -1.000000000000000000e+00
6.091636180877685547e+00 -1.126452088356018066e+00 3.424373865127563477e-01 1.439504772424697876e-01 2.047655880451202393e-01 1.960690617561340332e-01 6.166934967041015625e+00 -1.000000000000000000e+00
7.666717529296875000e+00 -1.489104747772216797e+00 9.353123903274536133e-01 1.686274260282516479e-01 2.176521122455596924e-01 1.782766729593276978e-01 6.132252693176269531e+00 -1.000000000000000000e+00
8.035378456115722656e+00 2.420699119567871094e+00 7.601305246353149414e-01 1.615093797445297241e-01 1.845432817935943604e-01 1.649692505598068237e-01 6.468275070190429688e+00 -1.000000000000000000e+00
4.132209777832031250e+00 7.506275653839111328e+00 7.481783628463745117e-01 3.195672929286956787e-01 3.383848071098327637e-01 2.027502059936523438e-01 6.794859886169433594e+00 -1.000000000000000000e+00
3.216259241104125977e+00 3.653858900070190430e+00 -1.584697961807250977e-01 1.633216291666030884e-01 3.557298481464385986e-01 2.277144342660903931e-01 7.002954483032226562e+00 -1.000000000000000000e+00
4.216602802276611328e+00 4.676709175109863281e+00 8.588218688964843750e-02 1.572573333978652954e-01 2.149828523397445679e-01 1.736692488193511963e-01 6.889773368835449219e+00 -1.000000000000000000e+00
6.460111141204833984e+00 1.785585284233093262e+00 3.156825304031372070e-01 1.465076059103012085e-01 1.745819002389907837e-01 1.853432804346084595e-01 6.546060562133789062e+00 -1.000000000000000000e+00
4.546425342559814453e+00 4.300177097320556641e+00 2.112889289855957031e-01 1.522572934627532959e-01 2.144724875688552856e-01 1.832674145698547363e-01 6.870144844055175781e+00 -1.000000000000000000e+00
6.433506011962890625e+00 -1.671067714691162109e+00 6.752157211303710938e-02 1.443273872137069702e-01 1.546751707792282104e-01 1.041720137000083923e-01 6.220457077026367188e+00 -1.000000000000000000e+00
8.923312187194824219e+00 2.129248857498168945e+00 9.832323789596557617e-01 1.607643514871597290e-01 1.849948614835739136e-01 1.498604267835617065e-01 6.426311492919921875e+00 -1.000000000000000000e+00
2.251901149749755859e+00 -4.094408988952636719e+00 3.483127355575561523e-01 2.321577668190002441e-01 3.447234928607940674e-01 2.196809798479080200e-01 5.976205825805664062e+00 -1.000000000000000000e+00
4.502158641815185547e+00 -8.362735509872436523e-01 -2.098042964935302734e-01 1.794683337211608887e-01 3.136858344078063965e-01 2.275939732789993286e-01 6.306801795959472656e+00 -1.000000000000000000e+00
6.109096527099609375e+00 -4.634780883789062500e-01 2.774548530578613281e-01 1.459253132343292236e-01 1.927797645330429077e-01 1.976466625928878784e-01 6.198163986206054688e+00 -1.000000000000000000e+00
6.090035915374755859e+00 3.345545530319213867e+00 2.174301147460937500e-01 1.451549381017684937e-01 1.908441185951232910e-01 1.258690804243087769e-01 6.735491752624511719e+00 -1.000000000000000000e+00
4.445001125335693359e+00 6.937115669250488281e+00 6.251133680343627930e-01 2.640739381313323975e-01 3.099555075168609619e-01 1.829320192337036133e-01 6.793799400329589844e+00 -1.000000000000000000e+00
4.535442829132080078e+00 2.136970520019531250e+00 -2.975103855133056641e-01 1.703177094459533691e-01 2.715653479099273682e-01 2.183194011449813843e-01 6.736865043640136719e+00 -1.000000000000000000e+00
5.161496162414550781e+00 2.739696025848388672e+00 2.299863100051879883e-01 1.430867761373519897e-01 1.915297359228134155e-01 1.848401874303817749e-01 6.764718055725097656e+00 -1.000000000000000000e+00
7.388689517974853516e+00 2.971014976501464844e+00 6.976810693740844727e-01 1.392488330602645874e-01 1.792603731155395508e-01 1.456391066312789917e-01 6.394491195678710938e+00 -1.000000000000000000e+00
7.381154060363769531e+00 -9.271167218685150146e-02 3.747066259384155273e-01 1.455847918987274170e-01 1.475190669298171997e-01 1.253858357667922974e-01 6.254443168640136719e+00 -1.000000000000000000e+00
6.436755657196044922e+00 2.143158912658691406e-01 3.650543689727783203e-01 1.528230607509613037e-01 2.306752651929855347e-01 2.138907611370086670e-01 6.206642150878906250e+00 -1.000000000000000000e+00
5.130731582641601562e+00 -1.540077626705169678e-01 -4.808878898620605469e-02 1.566570550203323364e-01 2.156251221895217896e-01 2.038099616765975952e-01 6.268908500671386719e+00 -1.000000000000000000e+00
5.190260410308837891e+00 3.023231029510498047e+00 2.356479167938232422e-01 1.456756591796875000e-01 2.014801651239395142e-01 1.876184046268463135e-01 6.740715980529785156e+00 -1.000000000000000000e+00
6.424376964569091797e+00 -1.686769872903823853e-01 2.786655426025390625e-01 1.427750587463378906e-01 1.784807890653610229e-01 1.715224832296371460e-01 6.151961326599121094e+00 -1.000000000000000000e+00
3.872224330902099609e+00 -2.103739023208618164e+00 2.292518615722656250e-01 1.558332741260528564e-01 3.052907586097717285e-01 2.218961864709854126e-01 5.911577224731445312e+00 -1.000000000000000000e+00
6.089308738708496094e+00 -1.402372419834136963e-01 2.547521591186523438e-01 1.438219100236892700e-01 1.928061991930007935e-01 1.955918967723846436e-01 6.165757179260253906e+00 -1.000000000000000000e+00
3.876328229904174805e+00 4.642107963562011719e+00 -5.180799961090087891e-02 1.576774567365646362e-01 2.245250046253204346e-01 1.831471621990203857e-01 6.895081520080566406e+00 -1.000000000000000000e+00
5.100602626800537109e+00 -5.193287730216979980e-01 -2.907979488372802734e-02 1.518969535827636719e-01 2.269678413867950439e-01 2.008127123117446899e-01 6.298013687133789062e+00 -1.000000000000000000e+00
4.785718917846679688e+00 3.025437831878662109e+00 1.820585727691650391e-01 1.396636515855789185e-01 2.045908272266387939e-01 1.850501298904418945e-01 6.761590957641601562e+00 -1.000000000000000000e+00
4.837594985961914062e+00 4.605636000633239746e-01 -1.620029211044311523e-01 1.581261307001113892e-01 2.279389351606369019e-01 2.104186266660690308e-01 6.274692535400390625e+00 -1.000000000000000000e+00
7.069754123687744141e+00 9.091014266014099121e-01 2.676125764846801758e-01 1.420720219612121582e-01 1.510355174541473389e-01 1.442326456308364868e-01 6.445448875427246094e+00 -1.000000000000000000e+00
4.189518451690673828e+00 -2.486492156982421875e+00 5.445209741592407227e-01 1.825715601444244385e-01 3.430982232093811035e-01 2.408958822488784790e-01 5.891327857971191406e+00 -1.000000000000000000e+00
7.689040184020996094e+00 2.105184316635131836e+00 5.642129182815551758e-01 1.482936888933181763e-01 1.464598625898361206e-01 1.431104540824890137e-01 6.512878417968750000e+00 -1.000000000000000000e+00
6.750713348388671875e+00 -2.168070316314697266e+00 7.411140203475952148e-01 1.893033832311630249e-01 2.526933252811431885e-01 1.703940629959106445e-01 6.021386146545410156e+00 -1.000000000000000000e+00
5.449357986450195312e+00 1.513265222311019897e-01 4.317808151245117188e-02 1.472740024328231812e-01 2.068486064672470093e-01 1.948386430740356445e-01 6.211330413818359375e+00 -1.000000000000000000e+00
3.540174961090087891e+00 -3.008789300918579102e+00 3.818310499191284180e-01 1.586968749761581421e-01 2.937102913856506348e-01 2.130581289529800415e-01 5.769600868225097656e+00 -1.000000000000000000e+00
7.696866512298583984e+00 2.940567255020141602e+00 7.334681749343872070e-01 1.449304819107055664e-01 1.868760585784912109e-01 1.522125750780105591e-01 6.405309677124023438e+00 -1.000000000000000000e+00
8.347542762756347656e+00 1.458942413330078125e+00 7.776392698287963867e-01 1.555197089910507202e-01 1.714500933885574341e-01 1.556892544031143188e-01 6.425167083740234375e+00 -1.000000000000000000e+00
4.808780193328857422e+00 -1.577170640230178833e-01 -1.766815185546875000e-01 1.592098325490951538e-01 2.246874272823333740e-01 2.106954157352447510e-01 6.314428329467773438e+00 -1.000000000000000000e+00
3.571454048156738281e+00 4.335060119628906250e+00 -2.259232997894287109e-01 1.622799038887023926e-01 2.875522673130035400e-01 2.182728201150894165e-01 6.937072753906250000e+00 -1.000000000000000000e+00
4.488371849060058594e+00 -2.529601812362670898e+00 7.343207597732543945e-01 1.748247742652893066e-01 3.237709701061248779e-01 2.371286302804946899e-01 5.842525482177734375e+00 -1.000000000000000000e+00
4.442898273468017578e+00 -1.812848925590515137e+00 2.929804325103759766e-01 1.538827717304229736e-01 3.023838996887207031e-01 2.247007042169570923e-01 5.864866256713867188e+00 -1.000000000000000000e+00
8.030075073242187500e+00 8.630584478378295898e-01 5.062440633773803711e-01 1.491694748401641846e-01 1.590227037668228149e-01 1.431648284196853638e-01 6.375504493713378906e+00 -1.000000000000000000e+00
3.572940349578857422e+00 -2.088657140731811523e+00 2.144873142242431641e-02 1.467110663652420044e-01 2.887197434902191162e-01 2.006550133228302002e-01 5.871180534362792969e+00 -1.000000000000000000e+00
8.351001739501953125e+00 1.146583437919616699e+00 8.736726045608520508e-01 1.580572426319122314e-01 1.780038774013519287e-01 1.696539521217346191e-01 6.393124580383300781e+00 -1.000000000000000000e+00
7.364300251007080078e+00 8.853795528411865234e-01 4.000214338302612305e-01 1.391931623220443726e-01 1.480812728404998779e-01 1.510927379131317139e-01 6.452191352844238281e+00 -1.000000000000000000e+00
7.619708538055419922e+00 -7.555312514305114746e-01 7.766307592391967773e-01 1.559495776891708374e-01 1.973806917667388916e-01 1.676651239395141602e-01 6.230693817138671875e+00 -1.000000000000000000e+00
4.474757671356201172e+00 8.598064184188842773e-01 -2.376220226287841797e-01 1.771591007709503174e-01 3.094345629215240479e-01 2.260645478963851929e-01 6.286431312561035156e+00 -1.000000000000000000e+00
5.829036712646484375e+00 7.742438912391662598e-01 1.537547111511230469e-01 1.355678141117095947e-01 2.087932825088500977e-01 1.822071522474288940e-01 6.410450935363769531e+00 -1.000000000000000000e+00
4.226539134979248047e+00 5.277173995971679688e+00 1.450810432434082031e-01 1.624352484941482544e-01 2.086829692125320435e-01 1.665564477443695068e-01 6.835102081298828125e+00 -1.000000000000000000e+00
8.602718353271484375e+00 2.436001777648925781e+00 6.187387704849243164e-01 1.500436514616012573e-01 1.634691059589385986e-01 1.058909595012664795e-01 6.471239089965820312e+00 -1.000000000000000000e+00
3.267919063568115234e+00 1.455003261566162109e+00 -2.982774972915649414e-01 1.813799738883972168e-01 3.972492516040802002e-01 2.270874232053756714e-01 6.695441246032714844e+00 -1.000000000000000000e+00
5.143942832946777344e+00 3.360245704650878906e+00 2.388293743133544922e-01 1.432731449604034424e-01 1.937212198972702026e-01 1.665754020214080811e-01 6.757922172546386719e+00 -1.000000000000000000e+00
4.922467231750488281e+00 1.425062060356140137e+00 -1.438689231872558594e-01 1.607215106487274170e-01 2.569979727268218994e-01 2.151995599269866943e-01 6.652981758117675781e+00 -1.000000000000000000e+00
4.459748744964599609e+00 4.578445553779602051e-01 -2.318012714385986328e-01 1.733406186103820801e-01 2.728595733642578125e-01 2.210410833358764648e-01 6.227972984313964844e+00 -1.000000000000000000e+00
3.477834939956665039e+00 1.454446315765380859e+00 -3.575803041458129883e-01 1.891567707061767578e-01 3.827489614486694336e-01 2.319445908069610596e-01 6.677341461181640625e+00 -1.000000000000000000e+00
4.473433971405029297e+00 -4.978691935539245605e-01 -2.435358762741088867e-01 1.735534071922302246e-01 2.780791223049163818e-01 2.237304300069808960e-01 6.350319862365722656e+00 -1.000000000000000000e+00
8.352432250976562500e+00 1.996199637651443481e-01 8.115991353988647461e-01 1.610057502985000610e-01 2.014845460653305054e-01 1.675783842802047729e-01 6.311984062194824219e+00 -1.000000000000000000e+00
8.888494491577148438e+00 1.457133650779724121e+00 6.265565156936645508e-01 1.448712348937988281e-01 1.515091061592102051e-01 1.078025549650192261e-01 6.388768196105957031e+00 -1.000000000000000000e+00
3.544529676437377930e+00 -2.414278030395507812e+00 2.059723138809204102e-01 1.492741703987121582e-01 2.883554995059967041e-01 2.193745374679565430e-01 5.903629302978515625e+00 -1.000000000000000000e+00
2.834192276000976562e+00 -3.934401988983154297e+00 7.910419702529907227e-01 2.001030594110488892e-01 3.060293197631835938e-01 2.145814895629882812e-01 5.919253349304199219e+00 -1.000000000000000000e+00
4.781793594360351562e+00 4.348453044891357422e+00 3.015998601913452148e-01 1.431569606065750122e-01 2.011209279298782349e-01 1.620222181081771851e-01 6.871034622192382812e+00 -1.000000000000000000e+00
3.534945964813232422e+00 4.613988399505615234e+00 -1.607381105422973633e-01 1.635518819093704224e-01 2.668764591217041016e-01 2.021399736404418945e-01 6.937581062316894531e+00 -1.000000000000000000e+00
5.430201053619384766e+00 2.716539382934570312e+00 3.367140293121337891e-01 1.344629824161529541e-01 1.845258772373199463e-01 1.761429458856582642e-01 6.702432632446289062e+00 -1.000000000000000000e+00
4.267170906066894531e+00 1.784964948892593384e-01 -1.870720386505126953e-01 1.658675819635391235e-01 2.802306413650512695e-01 2.312159985303878784e-01 6.267613410949707031e+00 -1.000000000000000000e+00
3.194798707962036133e+00 -2.404640436172485352e+00 -1.554498672485351562e-01 1.754378229379653931e-01 3.299034237861633301e-01 2.106941491365432739e-01 5.865740776062011719e+00 -1.000000000000000000e+00
4.494775295257568359e+00 4.655661582946777344e+00 1.988786458969116211e-01 1.499206274747848511e-01 1.858094930648803711e-01 1.481131315231323242e-01 6.889707565307617188e+00 -1.000000000000000000e+00
4.492417335510253906e+00 5.331438064575195312e+00 2.746691703796386719e-01 1.604226231575012207e-01 1.908967792987823486e-01 1.426956951618194580e-01 6.849221229553222656e+00 -1.000000000000000000e+00
8.897249221801757812e+00 2.999794006347656250e+00 7.464524507522583008e-01 1.645703613758087158e-01 2.115499079227447510e-01 1.373557001352310181e-01 6.432116508483886719e+00 -1.000000000000000000e+00
