Car 0.80 0 -2.09 1013.39 182.46 1241.00 374.00 1.57 1.65 3.35 5.49090052 -4.41364288 -0.92955297 -0.15079633
Car 0.00 0 1.95 354.43 185.52 549.52 294.49 1.43 1.70 3.95 12.08904362 2.40690351 -0.86853045 -3.33079633
Pedestrian 0.00 2 1.41 859.54 159.80 879.68 221.40 1.96 0.72 1.09 23.79977226 -8.31220436 -0.48439828 -3.32079633
Car 0.00 0 -1.78 819.63 178.12 926.85 251.56 1.51 1.60 3.24 16.79051208 -5.83226395 -0.84645462 -0.13079633
Car 0.00 2 -1.69 800.54 178.06 878.75 230.56 1.45 1.74 4.10 22.34023857 -6.85172749 -0.80922675 -0.18079633
Car 0.00 0 1.80 558.55 179.04 635.05 230.61 1.54 1.68 3.79 23.92991257 0.39954457 -0.81100857 -3.35079633
Car 0.00 2 1.77 598.30 178.68 652.25 218.17 1.49 1.52 3.35 29.35964775 -0.6199345 -0.77003491 -3.36079633
Car 0.00 1 -1.67 784.59 178.04 839.98 220.10 1.53 1.65 4.37 28.8214798 -7.8594923 -0.84215713 -0.17079633
Car 0.00 1 1.92 663.74 175.36 707.21 204.15 1.64 1.45 3.48 43.14042664 -4.47737169 -0.65178436 -3.59079633
DontCare -1 -1 -10 737.69 163.56 790.86 197.98 -1 -1 -1 -1000 -1000 -1000 -10
DontCare -1 -1 -10 135.60 185.44 196.06 202.15 -1 -1 -1 -1000 -1000 -1000 -10
DontCare -1 -1 -10 796.02 162.52 862.73 183.40 -1 -1 -1 -1000 -1000 -1000 -10
DontCare -1 -1 -10 879.35 165.65 931.48 182.36 -1 -1 -1 -1000 -1000 -1000 -10
