Car 0.00 2 -1.45 661.23 174.85 694.38 197.63 1.32 1.48 4.44 44.69671631 -4.17078686 -0.45224318 -0.22079633
Truck 0.00 2 2.11 125.12 91.71 474.04 253.26 4.02 2.60 16.79 26.70096779 9.50276184 0.23410465 -3.34079633
Car 0.00 0 -1.40 684.49 172.19 733.85 205.26 1.42 1.56 4.16 33.41690063 -4.56269598 -0.47425917 -0.30079633
Car 0.50 0 -0.72 0.00 193.56 386.20 374.00 1.45 1.59 3.44 6.33916187 3.68622255 -0.91510308 -0.33079633
Car 0.00 0 1.82 494.45 181.84 527.48 205.27 1.44 1.35 3.23 47.03016281 6.43503904 -0.83585465 -3.25079633
Tram 0.00 2 1.20 587.32 158.63 648.66 188.51 3.46 2.57 14.66 91.24806213 -0.72043532 0.69065309 -2.78079633
DontCare -1 -1 -10 529.35 171.90 573.14 197.98 -1 -1 -1 -1000 -1000 -1000 -10
DontCare -1 -1 -10 1050.10 159.71 1073.88 173.33 -1 -1 -1 -1000 -1000 -1000 -10
DontCare -1 -1 -10 487.69 163.56 518.98 178.19 -1 -1 -1 -1000 -1000 -1000 -10
DontCare -1 -1 -10 824.36 160.32 841.17 170.97 -1 -1 -1 -1000 -1000 -1000 -10
DontCare -1 -1 -10 842.73 159.93 859.71 172.64 -1 -1 -1 -1000 -1000 -1000 -10
DontCare -1 -1 -10 888.20 158.10 921.87 174.23 -1 -1 -1 -1000 -1000 -1000 -10
DontCare -1 -1 -10 927.10 158.96 965.27 174.02 -1 -1 -1 -1000 -1000 -1000 -10
DontCare -1 -1 -10 1106.20 156.06 1139.19 174.02 -1 -1 -1 -1000 -1000 -1000 -10
DontCare -1 -1 -10 1138.60 154.95 1172.76 176.06 -1 -1 -1 -1000 -1000 -1000 -10
DontCare -1 -1 -10 1167.90 153.55 1204.83 179.88 -1 -1 -1 -1000 -1000 -1000 -10
DontCare -1 -1 -10 1202.30 152.88 1239.99 175.18 -1 -1 -1 -1000 -1000 -1000 -10
DontCare -1 -1 -10 861.75 157.83 888.30 174.13 -1 -1 -1 -1000 -1000 -1000 -10
DontCare -1 -1 -10 795.08 159.60 814.98 170.05 -1 -1 -1 -1000 -1000 -1000 -10
DontCare -1 -1 -10 1074.00 161.96 1089.47 175.46 -1 -1 -1 -1000 -1000 -1000 -10
DontCare -1 -1 -10 1026.80 158.50 1044.54 174.01 -1 -1 -1 -1000 -1000 -1000 -10
DontCare -1 -1 -10 969.98 154.19 1034.61 178.19 -1 -1 -1 -1000 -1000 -1000 -10
