Car 0.89 0 2.29 0.00 194.70 414.71 373.00 1.57 1.67 4.14 4.34868813 2.78305101 -0.95996064 -3.29079633
Pedestrian 0.00 1 0.71 1021.76 133.28 1101.39 316.63 1.81 1.06 0.73 7.87614107 -4.70336962 -0.56143761 -2.82079633
Pedestrian 0.00 0 -1.58 672.23 171.73 690.13 224.33 1.73 0.84 0.86 24.41451836 -2.33182597 -0.70579326 -0.09079633
Pedestrian 0.00 0 -1.59 692.68 169.14 712.48 224.03 1.81 0.90 0.95 24.49862099 -3.17148399 -0.66511393 -0.11079633
Pedestrian 0.00 0 -1.46 537.84 168.08 560.90 224.34 1.78 0.92 1.01 23.55405998 1.91323245 -0.58234942 -0.03079633
DontCare -1 -1 -10 916.14 175.59 973.32 253.55 -1 -1 -1 -1000 -1000 -1000 -10
DontCare -1 -1 -10 628.80 173.19 653.95 196.66 -1 -1 -1 -1000 -1000 -1000 -10
DontCare -1 -1 -10 610.47 175.76 625.72 205.87 -1 -1 -1 -1000 -1000 -1000 -10
DontCare -1 -1 -10 766.54 168.32 841.38 261.86 -1 -1 -1 -1000 -1000 -1000 -10
DontCare -1 -1 -10 464.22 177.67 508.93 230.69 -1 -1 -1 -1000 -1000 -1000 -10
