Car 0.88 3 -0.69 0.00 192.37 402.31 374.00 1.60 1.57 3.23 3.97025061 2.71672153 -0.94511157 -0.28079633
Car 0.00 1 2.04 334.85 178.94 624.50 372.04 1.57 1.50 3.68 8.14944077 1.18637574 -0.84259707 -3.47079633
Car 0.34 3 -1.84 937.29 197.39 1241.00 374.00 1.39 1.44 3.08 6.44059896 -3.79366446 -0.99307615 -0.26079633
Car 0.00 1 -1.33 597.59 176.18 720.90 261.14 1.47 1.60 3.66 14.7285614 -1.0537374 -0.74750078 -0.32079633
Car 0.00 0 1.74 741.18 168.83 792.25 208.43 1.70 1.63 4.08 33.48898697 -7.2210598 -0.50161088 -3.52079633
Car 0.00 0 -1.65 884.52 178.31 956.41 240.18 1.59 1.59 2.47 20.25208855 -8.46052361 -0.90806288 -0.32079633
DontCare -1 -1 -10 800.38 163.67 825.45 184.07 -1 -1 -1 -1000 -1000 -1000 -10
DontCare -1 -1 -10 859.58 172.34 886.26 194.51 -1 -1 -1 -1000 -1000 -1000 -10
DontCare -1 -1 -10 801.81 163.96 825.20 183.59 -1 -1 -1 -1000 -1000 -1000 -10
DontCare -1 -1 -10 826.87 162.28 845.84 178.86 -1 -1 -1 -1000 -1000 -1000 -10
